CoDeSys Trace
C:\Users\s182059\Desktop\31342-Introduction-to-programmable-logic-controllers-DTU\Uge9 - Coms\pou.pro
Zeit PLC_PRG.temperaturefloat PLC_PRG.rate 
0 20.55 -5.000019e-002 
120 20.55 -5.000019e-002 
240 20.55 -5.000019e-002 
360 20.55 -5.000019e-002 
480 20.55 -5.000019e-002 
600 20.55 -5.000019e-002 
720 20.55 0 
840 20.55 0 
960 20.55 0 
1080 20.65 0 
1200 20.65 0 
1320 20.65 0 
1440 20.65 0 
1560 20.65 0 
1680 20.65 0 
1800 20.65 0 
1920 20.65 0 
2040 20.65 0 
2160 20.65 0 
2280 20.65 0 
2400 20.65 0 
2520 20.65 0 
2640 20.75 0 
2760 20.75 0.1000004 
2880 20.75 0.1000004 
3000 20.75 0.1000004 
3120 20.75 0.1000004 
3240 20.75 0.1000004 
3360 20.75 0.1000004 
3480 20.75 0.1000004 
3600 20.75 0.1000004 
3720 20.75 0.1000004 
3840 20.75 0.1000004 
3960 20.75 0.1000004 
4080 20.75 0.1000004 
4200 20.75 0.1000004 
4320 20.75 0.1000004 
4440 20.75 0.1000004 
4560 20.75 0.1000004 
4680 20.75 0.1000004 
4800 20.75 0 
4920 20.75 0 
5040 20.75 0 
5160 20.85 0 
5280 20.85 0 
5400 20.85 0 
5520 20.85 0 
5640 20.85 0 
5760 20.85 0 
5880 20.85 0 
6000 20.85 0 
6120 20.85 0 
6240 20.85 0 
6360 20.85 0 
6480 20.85 0 
6600 20.85 0 
6720 20.95 0 
6840 20.95 0.1000004 
6960 20.95 0.1000004 
7080 20.95 0.1000004 
7200 20.95 0.1000004 
7320 20.95 0.1000004 
7440 20.95 0.1000004 
7560 20.95 0.1000004 
7680 20.95 0.1000004 
7800 20.95 0.1000004 
7920 20.95 0.1000004 
8040 20.95 0.1000004 
8160 20.95 0.1000004 
8280 20.95 0.1000004 
8400 20.95 0.1000004 
8520 20.95 0.1000004 
8640 20.95 0.1000004 
8760 20.95 0.1000004 
8880 20.95 0 
9000 20.95 0 
9120 20.95 0 
9240 21.05 0 
9360 21.05 0 
9480 21.05 0 
9600 21.05 0 
9720 21.05 0 
9840 21.05 0 
9960 21.05 0 
10080 21.05 0 
10200 21.05 0 
10320 21.05 0 
10440 21.05 0 
10560 21.05 0 
10680 21.05 0 
10800 21.05 4.999924e-002 
10920 21.15 4.999924e-002 
11040 21.15 4.999924e-002 
11160 21.15 4.999924e-002 
11280 21.15 4.999924e-002 
11400 21.15 4.999924e-002 
11520 21.15 4.999924e-002 
11640 21.15 4.999924e-002 
11760 21.15 4.999924e-002 
11880 21.15 4.999924e-002 
12000 21.15 4.999924e-002 
12120 21.15 4.999924e-002 
12240 21.15 4.999924e-002 
12360 21.15 4.999924e-002 
12480 21.25 4.999924e-002 
12600 21.25 4.999924e-002 
12720 21.25 4.999924e-002 
12840 21.25 0.1000004 
12960 21.25 0.1000004 
13080 21.25 0.1000004 
13200 21.25 0.1000004 
13320 21.25 0.1000004 
13440 21.25 0.1000004 
13560 21.25 0.1000004 
13680 21.25 0.1000004 
13800 21.25 0.1000004 
13920 21.25 0.1000004 
14040 21.25 0.1000004 
14160 21.25 0.1000004 
14280 21.25 0.1000004 
14400 21.25 0.1000004 
14520 21.25 0.1000004 
14640 21.25 0.1000004 
14760 21.25 0.1000004 
14880 21.25 0 
15000 21.35 0 
15120 21.35 0 
15240 21.35 0 
15360 21.35 0 
15480 21.35 0 
15600 21.35 0 
15720 21.35 0 
15840 21.35 0 
15960 21.35 0 
16080 21.35 0 
16200 21.35 0 
16320 21.35 0 
16440 21.35 0 
16560 21.45 0 
16680 21.45 0 
16800 21.45 0 
16920 21.45 0.1000004 
17040 21.45 0.1000004 
17160 21.45 0.1000004 
17280 21.45 0.1000004 
17400 21.45 0.1000004 
17520 21.45 0.1000004 
17640 21.45 0.1000004 
17760 21.45 0.1000004 
17880 21.45 0.1000004 
18000 21.45 0.1000004 
18120 21.45 0.1000004 
18240 21.45 0.1000004 
18360 21.45 0.1000004 
18480 21.45 0.1000004 
18600 21.45 0.1000004 
18720 21.45 0.1000004 
18840 21.45 0.1000004 
18960 21.45 0 
19080 21.55 0 
19200 21.55 0 
19320 21.55 0 
19440 21.55 0 
19560 21.55 0 
19680 21.55 0 
19800 21.55 0 
19920 21.55 0 
20040 21.55 0 
20160 21.55 0 
20280 21.55 0 
20400 21.55 0 
20520 21.55 0 
20640 21.55 0 
20760 21.65 0 
20880 21.65 0 
21000 21.65 9.999943e-002 
21120 21.65 9.999943e-002 
21240 21.65 9.999943e-002 
21360 21.65 9.999943e-002 
21480 21.65 9.999943e-002 
21600 21.65 9.999943e-002 
21720 21.65 9.999943e-002 
21840 21.65 9.999943e-002 
21960 21.65 9.999943e-002 
22080 21.65 9.999943e-002 
22200 21.65 9.999943e-002 
22320 21.65 9.999943e-002 
22440 21.65 9.999943e-002 
22560 21.65 9.999943e-002 
22680 21.65 9.999943e-002 
22800 21.65 9.999943e-002 
22920 21.65 0 
23040 21.65 0 
23160 21.65 0 
23280 21.65 0 
23400 21.65 0 
23520 21.65 0 
23640 21.65 0 
23760 21.65 0 
23880 21.65 0 
24000 21.55 0 
24120 21.55 0 
24240 21.55 0 
24360 21.55 0 
24480 21.55 0 
24600 21.55 0 
24720 21.55 0 
24840 21.55 0 
24960 21.55 -5.000019e-002 
25080 21.55 -5.000019e-002 
25200 21.55 -5.000019e-002 
25320 21.55 -5.000019e-002 
25440 21.55 -5.000019e-002 
25560 21.55 -5.000019e-002 
25680 21.45 -5.000019e-002 
25800 21.45 -5.000019e-002 
25920 21.45 -5.000019e-002 
26040 21.45 -5.000019e-002 
26160 21.45 -5.000019e-002 
26280 21.45 -5.000019e-002 
26400 21.45 -5.000019e-002 
26520 21.45 -5.000019e-002 
26640 21.45 -5.000019e-002 
26760 21.45 -5.000019e-002 
26880 21.45 -5.000019e-002 
27000 21.45 -4.999924e-002 
27120 21.45 -4.999924e-002 
27240 21.45 -4.999924e-002 
27360 21.45 -4.999924e-002 
27480 21.45 -4.999924e-002 
27600 21.45 -4.999924e-002 
27720 21.45 -4.999924e-002 
27840 21.45 -4.999924e-002 
27960 21.45 -4.999924e-002 
28080 21.35 -4.999924e-002 
28200 21.35 -4.999924e-002 
28320 21.35 -4.999924e-002 
28440 21.35 -4.999924e-002 
28560 21.35 -4.999924e-002 
28680 21.35 -4.999924e-002 
28800 21.35 -4.999924e-002 
28920 21.35 -4.999924e-002 
29040 21.35 -5.000019e-002 
29160 21.35 -5.000019e-002 
29280 21.35 -5.000019e-002 
29400 21.35 -5.000019e-002 
29520 21.35 -5.000019e-002 
29640 21.35 -5.000019e-002 
29760 21.25 -5.000019e-002 
29880 21.25 -5.000019e-002 
30000 21.25 -5.000019e-002 
30120 21.25 -5.000019e-002 
30240 21.25 -5.000019e-002 
30360 21.25 -5.000019e-002 
30480 21.25 -5.000019e-002 
30600 21.25 -5.000019e-002 
30720 21.25 -5.000019e-002 
30840 21.25 -5.000019e-002 
30960 21.25 -5.000019e-002 
31080 21.25 -5.000019e-002 
31200 21.25 -5.000019e-002 
31320 21.25 -5.000019e-002 
31440 21.25 -5.000019e-002 
31560 21.25 -5.000019e-002 
31680 21.25 -5.000019e-002 
31800 21.25 -5.000019e-002 
31920 21.25 -5.000019e-002 
32040 21.25 -5.000019e-002 
32160 21.15 -5.000019e-002 
32280 21.15 -5.000019e-002 
32400 21.15 -5.000019e-002 
32520 21.15 -5.000019e-002 
32640 21.15 -5.000019e-002 
32760 21.15 -5.000019e-002 
32880 21.15 -5.000019e-002 
33000 21.15 -5.000019e-002 
33120 21.15 -5.000019e-002 
33240 21.15 -5.000019e-002 
33360 21.15 -5.000019e-002 
33480 21.15 -5.000019e-002 
33600 21.15 -5.000019e-002 
33720 21.15 -5.000019e-002 
33840 21.05 -5.000019e-002 
33960 21.05 -5.000019e-002 
34080 21.05 -5.000019e-002 
34200 21.05 -5.000019e-002 
34320 21.05 -5.000019e-002 
34440 21.05 -5.000019e-002 
34560 21.05 -5.000019e-002 
34680 21.05 -5.000019e-002 
34800 21.05 -5.000019e-002 
34920 21.05 -5.000019e-002 
35040 21.05 -5.000019e-002 
35160 21.05 -5.000019e-002 
35280 21.05 -5.000019e-002 
35400 21.05 -5.000019e-002 
35520 21.05 -5.000019e-002 
35640 21.05 -5.000019e-002 
35760 21.05 -5.000019e-002 
35880 21.05 -5.000019e-002 
36000 21.05 -5.000019e-002 
36120 21.05 -5.000019e-002 
36240 20.95 -5.000019e-002 
36360 20.95 -5.000019e-002 
36480 20.95 -5.000019e-002 
36600 20.95 -5.000019e-002 
36720 20.95 -5.000019e-002 
36840 20.95 -5.000019e-002 
36960 20.95 -5.000019e-002 
37080 20.95 -4.999924e-002 
37200 20.95 -4.999924e-002 
37320 20.95 -4.999924e-002 
37440 20.95 -4.999924e-002 
37560 20.95 -4.999924e-002 
37680 20.95 -4.999924e-002 
37800 20.95 -4.999924e-002 
37920 20.85 -4.999924e-002 
38040 20.85 -4.999924e-002 
38160 20.85 -4.999924e-002 
38280 20.85 -4.999924e-002 
38400 20.85 -4.999924e-002 
38520 20.85 -4.999924e-002 
38640 20.85 -4.999924e-002 
38760 20.85 -4.999924e-002 
38880 20.85 -4.999924e-002 
39000 20.85 -4.999924e-002 
39120 20.85 -5.000019e-002 
39240 20.85 -5.000019e-002 
39360 20.85 -5.000019e-002 
39480 20.85 -5.000019e-002 
39600 20.75 -5.000019e-002 
39720 20.75 -5.000019e-002 
39840 20.75 -5.000019e-002 
39960 20.75 -5.000019e-002 
40080 20.75 -5.000019e-002 
40200 20.75 -5.000019e-002 
40320 20.75 -5.000019e-002 
40440 20.75 -5.000019e-002 
40560 20.75 -5.000019e-002 
40680 20.75 -5.000019e-002 
40800 20.75 -5.000019e-002 
40920 20.75 -5.000019e-002 
41040 20.75 -5.000019e-002 
41160 20.75 -5.000019e-002 
41280 20.75 -5.000019e-002 
41400 20.75 -5.000019e-002 
41520 20.75 -5.000019e-002 
41640 20.75 -5.000019e-002 
41760 20.75 -5.000019e-002 
41880 20.75 -5.000019e-002 
42000 20.65 -5.000019e-002 
42120 20.65 -5.000019e-002 
42240 20.65 -5.000019e-002 
42360 20.65 -5.000019e-002 
42480 20.65 -5.000019e-002 
42600 20.65 -5.000019e-002 
42720 20.65 -5.000019e-002 
42840 20.65 -5.000019e-002 
42960 20.65 -5.000019e-002 
43080 20.65 -5.000019e-002 
43200 20.65 -5.000019e-002 
43320 20.65 -5.000019e-002 
43440 20.65 -5.000019e-002 
43560 20.65 -5.000019e-002 
43680 20.55 -5.000019e-002 
43800 20.55 -5.000019e-002 
43920 20.55 -5.000019e-002 
44040 20.55 -5.000019e-002 
44160 20.55 -5.000019e-002 
44280 20.55 -5.000019e-002 
44400 20.55 -5.000019e-002 
44520 20.55 -5.000019e-002 
44640 20.55 -5.000019e-002 
44760 20.55 -5.000019e-002 
44880 20.55 -5.000019e-002 
45000 20.55 -5.000019e-002 
45120 20.55 -5.000019e-002 
45240 20.55 -5.000019e-002 
45360 20.65 -5.000019e-002 
45480 20.65 -5.000019e-002 
45600 20.65 -5.000019e-002 
45720 20.65 -5.000019e-002 
45840 20.65 -5.000019e-002 
45960 20.65 -5.000019e-002 
46080 20.65 -5.000019e-002 
46200 20.65 -5.000019e-002 
46320 20.65 -5.000019e-002 
46440 20.65 -5.000019e-002 
46560 20.65 -5.000019e-002 
46680 20.65 -5.000019e-002 
46800 20.65 -5.000019e-002 
46920 20.75 -5.000019e-002 
47040 20.75 -5.000019e-002 
47160 20.75 0.1000004 
47280 20.75 0.1000004 
47400 20.75 0.1000004 
47520 20.75 0.1000004 
47640 20.75 0.1000004 
47760 20.75 0.1000004 
47880 20.75 0.1000004 
48000 20.75 0.1000004 
48120 20.75 0.1000004 
48240 20.75 0.1000004 
48360 20.75 0.1000004 
48480 20.75 0.1000004 
48600 20.85 0.1000004 
48720 20.85 0.1000004 
48840 20.85 0.1000004 
48960 20.85 0.1000004 
49080 20.85 0.1000004 
49200 20.85 5.000019e-002 
49320 20.85 5.000019e-002 
49440 20.85 5.000019e-002 
49560 20.85 5.000019e-002 
49680 20.85 5.000019e-002 
49800 20.85 5.000019e-002 
49920 20.85 5.000019e-002 
50040 20.85 5.000019e-002 
50160 20.85 5.000019e-002 
50280 20.85 5.000019e-002 
50400 20.85 5.000019e-002 
50520 20.85 5.000019e-002 
50640 20.85 5.000019e-002 
50760 20.85 5.000019e-002 
50880 20.85 5.000019e-002 
51000 20.95 5.000019e-002 
51120 20.95 5.000019e-002 
51240 20.95 5.000019e-002 
51360 20.95 5.000019e-002 
51480 20.95 5.000019e-002 
51600 20.95 5.000019e-002 
51720 20.95 5.000019e-002 
51840 20.95 5.000019e-002 
51960 20.95 5.000019e-002 
52080 20.95 5.000019e-002 
52200 20.95 5.000019e-002 
52320 20.95 5.000019e-002 
52440 20.95 5.000019e-002 
52560 20.95 5.000019e-002 
52680 21.05 5.000019e-002 
52800 21.05 5.000019e-002 
52920 21.05 5.000019e-002 
53040 21.05 5.000019e-002 
53160 21.05 5.000019e-002 
53280 21.05 4.999924e-002 
53400 21.05 4.999924e-002 
53520 21.05 4.999924e-002 
53640 21.05 4.999924e-002 
53760 21.05 4.999924e-002 
53880 21.05 4.999924e-002 
54000 21.05 4.999924e-002 
54120 21.05 4.999924e-002 
54240 21.05 4.999924e-002 
54360 21.05 4.999924e-002 
54480 21.05 4.999924e-002 
54600 21.05 4.999924e-002 
54720 21.05 4.999924e-002 
54840 21.05 4.999924e-002 
54960 21.05 4.999924e-002 
55080 21.05 4.999924e-002 
55200 21.15 4.999924e-002 
55320 21.15 5.000019e-002 
55440 21.15 5.000019e-002 
55560 21.15 5.000019e-002 
55680 21.15 5.000019e-002 
55800 21.15 5.000019e-002 
55920 21.15 5.000019e-002 
56040 21.15 5.000019e-002 
56160 21.15 5.000019e-002 
56280 21.15 5.000019e-002 
56400 21.15 5.000019e-002 
56520 21.15 5.000019e-002 
56640 21.15 5.000019e-002 
56760 21.25 5.000019e-002 
56880 21.25 5.000019e-002 
57000 21.25 5.000019e-002 
57120 21.25 5.000019e-002 
57240 21.25 5.000019e-002 
57360 21.25 5.000019e-002 
57480 21.25 5.000019e-002 
57600 21.25 5.000019e-002 
57720 21.25 5.000019e-002 
57840 21.25 5.000019e-002 
57960 21.25 5.000019e-002 
58080 21.25 5.000019e-002 
58200 21.25 5.000019e-002 
58320 21.25 5.000019e-002 
58440 21.25 5.000019e-002 
58560 21.25 5.000019e-002 
58680 21.25 5.000019e-002 
58800 21.25 5.000019e-002 
58920 21.25 5.000019e-002 
59040 21.25 5.000019e-002 
59160 21.25 5.000019e-002 
59280 21.35 5.000019e-002 
59400 21.35 5.000019e-002 
59520 21.35 5.000019e-002 
59640 21.35 5.000019e-002 
59760 21.35 5.000019e-002 
